2
3
4
15
19
31
32
34
35
36
43
44
45
48
56
64
68
73
74
82
83
89
97
102
106
115
118
123
124
126
127
128
129
151
153
159
164
165
168
174
175
178
185
187
189
190
192
193
194
207
211
219
227
229
232
247
248
249
250
251
252
253
260
281
282
288
308
311
313
314
318
319
326
329
330
331
335
342
343
372
382
385
429
430
431
432
435
444
457
470
474
482
489
510
516
517
536
545
588
592
619
620
631
635
639
643
655
665
670
675
677
678
679
681
695
696
700
719
731
732
741
748
754
755
756
789
790
791
792
794
798
804
805
808
814
817
820
821
822
823
824
831
832
845
894
908
909
910
954
959
960
971
975
976
988
997
1021
1022
1039
1040
1046
1051
1055
1056
1062
1077
1098
1099
1117
1119
1121
1124
1129
1145
1152
1153
1174
1181
1185
1186
1187
1188
1189
1190
1191
1192
1193
1194
1195
1196
1202
1203
1204
1214
1232
1234
1247
1248
1252
1258
1261
1262
1271
1272
1280
1295
1296
1297
1301
1302
1322
1327
1328
1341
1347
1352
1363
1369
1374
1375
1400
1401
1402
1408
1409
1413
1414
1431
1452
1454
1464
1469
1506
1520
1542
1554
1573
1598
1631
1639
1644
1656
1664
1668
1678
1682
1719
1739
1740
1741
1746
1748
1749
1754
1757
1758
1760
1762
1819
1820
1844
1847
1851
1868
1880
1882
1891
1895
1896
1913
1925
1926
1937
1939
1940
1945
1951
1962
1973
1982
1995
1997
2000
2010
2011
2021
2033
2040
2058
2060
2061
2062
2063
2064
2065
2067
2069
2076
2077
2079
2089
2090
2091
2098
2099
2101
2125
2132
2142
2177
2180
2191
2202
2205
2211
2212
2213
2216
2217
2267
2268
2284
2285
2286
2287
2299
2304
2307
2317
2344
2359
2363
2371
2373
2379
2382
2383
2389
2399
2400
2403
2408
2409
2436
2438
2439
2454
2459
2463
2472
2473
2480
2488
2489
2501
2507
2508
2511
2516
2525
2536
2541
2542
2555
2556
2557
2592
2595
2596
2597
2607
2616
2617
2624
2626
2633
2641
2647
2655
2656
2667
2673
2701
2744
2752
2757
2761
2784
2794
2795
2798
2799
2802
2804
2833
2846
2854
2867
2868
2894
2895
2908
2909
2911
2945
2961
2964
2968
2972
2976
2999
3029
3034
3035
3038
3039
3040
3042
3043
3054
3057
3060
3062
3070
3077
3086
3091
3099
3108
3113
3116
3117
3124
3128
3169
3175
3191
3192
3193
3195
3196
3201
3202
3203
3204
3209
3210
3224
3227
3228
3247
3248
3251
3255
3256
3257
3258
3260
3265
3304
3311
3313
3316
3318
3328
3329
3330
3331
3332
3335
3336
3354
3364
3371
3372
3374
3385
3389
3396
3397
3401
3428
3445
3448
3451
3455
3460
3466
3473
3476
3479
3483
3485
3495
3503
3504
3505
3507
3508
3509
3510
3517
3532
3538
3542
3563
3575
3588
3602
3609
3610
3611
3614
3615
3616
3618
3619
3620
3621
3622
3623
3643
3667
3668
3670
3671
3674
3684
3688
3701
3727
3755
3782
3794
3796
3802
3806
3836
3841
3844
3846
3855
3857
3868
3875
3878
3879
3887
3899
3904
3908
3911
3913
3947
3948
3957
3962
3968
3972
3979
3987
3988
3989
3990
3997
4000
4004
4005
4006
4023
4025
4033
4038
4048
4050
4051
4088
4089
4090
4095
4096
4199
4201
4213
4216
4223
4225
4245
4258
4259
4261
4262
4276
4298
4306
4307
4308
4309
4310
4311
4312
4313
4314
4315
4316
4317
4318
4319
4320
4321
4323
4327
4329
4330
4343
4348
4349
4350
4356
4362
4374
4384
4386
4391
4402
4403
4406
4407
4411
4413
4414
4417
4422
4429
4439
4442
4461
4474
4489
4490
4491
4503
4504
4505
4506
4507
4508
4509
4510
4511
4512
4513
4514
4515
4516
4517
4518
4519
4520
4521
4522
4523
4530
4535
4548
4553
4555
4556
4558
4560
4564
4567
4569
4593
4594
4595
4602
4608
4613
4623
4624
4625
4626
4627
4628
4629
4630
4631
4648
4650
4653
4654
4656
4663
4670
4671
4674
4677
4679
4682
4685
4690
4716
4720
4721
4722
4723
4741
4743
4744
4745
4746
4747
4748
4749
4758
4759
4764
4765
4805
4816
4825
4840
4841
4842
4847
4852
4853
4854
4855
4860
4867
4868
4869
4872
4893
4896
4897
4900
4901
4903
4918
4922
4933
4947
4951
4964
4965
4972
4974
4975
4979
4991
5011
5013
5015
5021
5022
5024
5035
5039
5041
5062
5063
5071
5075
5077
5078
5079
5093
5095
5134
5146
5149
5153
5167
5168
5172
5173
5184
5203
5208
5214
5215
5222
5223
5224
5237
5238
5242
5248
5252
5253
5255
5265
5272
5273
5282
5283
5305
5309
5311
5312
5313
5314
5315
5320
5327
5329
5330
5331
5333
5347
5350
5353
5358
5359
5365
5373
5374
5380
5396
5399
5416
5417
5418
5419
5423
5426
5428
5431
5462
5472
5474
5475
5477
5483
5487
5496
5501
5523
5524
5525
5542
5552
5554
5564
5565
5567
5569
5584
5585
5588
5589
5597
5598
5599
5602
5608
5609
5610
5612
5615
5619
5622
5626
5660
5668
5669
5680
5683
5684
5685
5691
5700
5715
5717
5719
5721
5725
5740
5746
5747
5750
5751
5752
5757
5758
5768
5773
5775
5778
5779
5780
5794
5795
5823
5825
5826
5831
5841
5842
5843
5844
5850
5853
5860
5868
5879
5894
5896
5899
5907
5915
5917
5923
5924
5930
5937
5938
5940
5941
5944
5953
5964
5971
5972
5974
5979
5983
5985
5990
5996
6010
6012
6018
6021
6022
6038
6039
6040
6046
6050
6052
6057
6063
6065
6081
6095
6096
6097
6099
6106
6107
6108
6111
6119
6127
6129
6141
6143
6144
6146
6148
6164
6165
6170
6172
6173
6178
6186
6197
6201
6205
6210
6211
6215
6218
6219
6232
6252
6263
6264
6269
6270
6271
6272
6276
6285
6293
6294
6296
6299
6300
6301
6305
6310
6316
6317
6320
6322
6346
6355
6356
6369
6370
6373
6378
6386
6387
6388
6394
6403
6436
6451
6454
6458
6469
6473
6477
6481
6515
6519
6520
6525
6529
6534
6535
6541
6545
6550
6552
6554
6564
6576
6579
6580
6585
6586
6589
6591
6603
6604
6632
6649
6650
6652
6662
6677
6682
6683
6684
6685
6710
6719
6720
6721
6725
6728
6734
6739
6744
6745
6746
6747
6764
6770
6774
6798
6802
6809
6810
6826
6846
6855
6857
6860
6869
6889
6890
6898
6899
6902
6907
6924
6925
6926
6927
6928
6931
6932
6934
6940
6943
6944
6945
7005
7020
7021
7022
7027
7032
7037
7041
7042
7046
7062
7063
7074
7078
7080
7081
7085
7086
7091
7104
7105
7116
7119
7121
7125
7126
7136
7147
7150
7156
7174
7177
7192
7197
7204
7208
7209
7214
7220
7227
7233
7236
7375
7406
7436
7459
7470
7471
7502
7561
7577
7582
7598
7601
7616
7623
7661
7691
7693
7710
7711
7712
7713
7718
7727
7728
7729
7867
7870
7871
7946
7958
7965
7987
8022
8075
8119
8121
8129
8133
8155
8186
8194
8203
8208
8209
8210
8211
8213
8220
8245
8254
8255
8261
8292
8293
8294
8302
8308
8309
8310
8312
8331
8343
8361
8379
8399
8415
8424
8426
8427
8428
8429
8440
8452
8457
8473
8474
8480
8508
8523
8528
8529
8536
8546
8583
8597
8625
8665
8677
8701
8703
8730
8802
8803
8804
8805
8809
8810
8811
8812
8815
8816
8817
8827
8828
8829
8841
8843
8848
8850
8853
8857
8866
8885
8886
8921
8934
8938
8949
8951
8965
8979
9007
9008
9017
9023
9054
9055
9066
9068
9073
9076
9084
9104
9127
9133
9140
9141
9143
9159
9163
9167
9186
9187
9201
9202
9203
9226
9242
9246
9249
9271
9291
9313
9316
9340
9341
9362
9380
9389
9392
9394
9395
9404
9410
9413
9416
9417
9418
9419
9428
9433
9458
9475
9482
9508
9515
9516
9538
9539
9549
9550
9551
9577
9592
9595
9597
9599
9604
9608
9609
9610
9624
9639
9647
9648
9652
9658
9673
9674
9677
9678
9679
9685
9703
9711
9712
9721
9742
9745
9746
9747
9749
9764
9769
9777
9782
9783
9784
9785
9786
9802
9815
9819
9820
9832
9833
9841
9847
9855
9876
9885
9896
